$ANSIBLE_VAULT;1.1;AES256
65653231376662663038363139333639613463373762323633376431363537623364613166383131
3461363635353630663266613230633831663331343436370a613133323032373336303234643963
61356663663233353432363432386164373639633237323962386462643933653261633764323564
3234353965316262300a646361616132626564326536313234633739613438616464623962303631
39383565326631346663396461636234303436346537393338656133666534653236353635323536
61363038313965383834363264323761646236323438343166333834323030633133373139636261
35633339666134636637346534323639336433343166323231336437383165613035643663366431
62366537353030636634336662353461343266313031303562353938383862376631313763626131
34663137626230653538623962616631383231633266323166306235646265326232303561303737
62393037646238383232356663333861653463313866653865333762326431326436346539306162
61343635396130626563393433303732356335613238653962623632323661633839323436643262
35386266623930613939616338326439383866623564366132366138653063646466636233326461
65373739383965323162393766396165373761666664306433326638363262623636633865393163
62653134666238626631666337323834356636646264636437326365323335393032616466666432
63323361343064643833373063363761613131393737373839643734313738636434633435613933
65376439613235626363
