$ANSIBLE_VAULT;1.1;AES256
66303236363565653031663964646634613065343261643235636165303961303465303736343736
3239356166626363366661643130626164353835643030660a323532613639383062333931656532
34356161613130623535363831313961386233613633623838326630376266356231363862336261
3765333765396237300a313630366132323332643964373437663633333238653863633561636337
36356265636663353434306634343139393862616131663630643034623263376334643737623133
62646336636535613732623230623362623362653263353533633433343930396639373866333336
65623032333239393464383132666637323937623634626137393335383964666230326231663331
37396136316262386465333030623763356137623030653166356330353734623830383635653235
65333262393037613335633035373435616234633138646533323138363736636238616236656630
30346662623464633537393136336239356465336466383363393330326131373939363730643536
64663536306437613961383037623361386239316163623265616566323130346534376631326366
31656332303935616664333134343162363136666632663935346566366561366535396131393562
39663065333961386133663631333735376537336464653566626364396437313332396262313937
61373932396338326438356163626564363639303566316239633764626439396337353263363430
65353136343963313331366263363232376163393339326336653761383666643563626134386333
32346437656463663734326266313163363362613436663037613132636234636436383165383534
3535
